,rs7771989,rs4307191,rs10499125,rs7349870,rs6905496,rs7749215,rs1535356,rs1535355,rs4897288,rs7738709,rs6569351,rs6569352,rs1998262,rs2317707,rs4895849,rs2145735,rs1407220,rs11757798,rs9385304,rs9375267,rs1358855,rs9388260,rs1923181,rs4897305,rs9375268,rs6922576,rs1321084,rs1321869,rs6903080,rs6902980,rs9398736,rs13191900,rs9398738,rs9490824,rs1321880,rs1590246,rs1321878,rs6905508,rs7760343,rs1535353,rs9482414,rs17702018,rs9375278,rs9388272,rs1570187,rs1570186,rs9490835,rs1853158,rs1321874,rs6915835,rs9375280,rs9482416,rs7774820,rs11757453,rs9490844,rs3813325,rs10080264,rs7453704,rs1853157,rs1853156,rs1853155,rs1321870,rs2169092,rs6569354,rs884014,rs979537,rs979538,rs9482421,rs9490860,rs4289676,rs7774699,rs2813161,rs2611438,rs6931796,rs9482426,rs2813162,rs2611428,rs12661999,rs2611436,rs2611437,rs2611432,rs7748723,rs17703235,rs342667,rs184658,rs7746739,rs12665623,rs9490885,rs1817300,rs4897436,rs1817299,rs342660,rs12332863,rs342657,rs17085668,rs342639,rs554333,rs9482443,rs9885799,rs9482449
rs7771989,1.06488093714143,0.197697867602472,0.196757539128679,-0.130645068558043,0.119351084454583,-0.132378005457972,-0.0139942125730012,-0.0150068364229778,0.119351084454583,-0.0671511958655563,-0.0671511958655563,0.0314364015999899,-0.157032911535918,-0.115913518471065,-0.155983892202788,-0.103057475258224,0.00635110457350438,0.148477660620627,0.0738048317111564,0.0874819554235083,0.0745086464282417,-0.0690370025932019,0.0984508677569781,-0.0730420959255041,-0.0580019204806219,-0.0137505998185987,-0.0927086026775741,-0.10122688193173,0.12355507159725,0.12355507159725,0.0498835436308945,0.0405221622897175,0.0434356597154101,-0.0693606897212539,-0.0348216636182831,-0.0209994268859745,0.10088340927101,0.120690642977778,0.104261989784931,0.00383563439015815,0.0688582281464718,-0.0276903516895701,0.146664864036178,0.120690642977778,0.148241135560318,0.145877630342572,0.0708283484340522,0.120690642977778,0.145983401461287,0.144415345188309,0.169075915619766,-0.0272718601151056,-0.0272718601151056,-0.0241771080441702,-0.0272718601151056,0.0693434754389502,0.179290454457666,0.107685832428546,0.109489410127661,0.107685832428546,0.102235916775485,0.129486953465935,0.129662379873089,0.129486953465935,0.103130854565965,0.125035010787573,0.101341617983479,0.00328420339565251,0.0302441099613527,-0.00154798749943046,-0.00154798749943046,-0.0307410047201353,-0.0531814296766489,-0.00154798749943046,-0.00154798749943046,-0.0318781778702031,0.00396332762521555,-0.0212285008991329,-0.0233542255241473,-0.0531814296766489,-0.0233542255241473,0.00259853051184304,-0.0104502904810846,-0.0531814296766489,-0.0233542255241473,-0.0212285008991329,-0.0212285008991329,-0.0212285008991329,-0.0212285008991329,-0.0505818251636798,-0.0212285008991329,-0.0531814296766489,-0.0212285008991329,-0.0261396468981311,-0.0212285008991329,-0.0531814296766489,-0.0531814296766489,0.0212231997176484,0.0239762882489776,0.0378007681962372
rs4307191,0.197697867602472,0.997479249118453,0.992458553185788,0.887313988306081,0.920591312962973,0.883226098389705,-0.430428370302146,-0.429677963096957,0.920591312962973,0.147375188676036,0.147375188676036,-0.289252571355423,-0.192522013640471,0.655202298100535,-0.194335604662857,0.651346317275313,-0.0934684880644957,0.0834987883277037,-0.00388480153391209,-0.0386286348445192,-0.00420926688165883,0.0399033257290233,-0.0599442987712565,-0.129504317161703,0.0301408806822211,0.141670164256293,0.130190314405094,-0.158674181558235,-0.0927341247596248,-0.0927341247596248,0.020983750987019,-0.299761237672343,0.297287924037539,-0.0119631722506116,0.028876851966282,0.0322911407983528,0.20656227098788,0.202095146047479,0.208189051143707,0.052250889705476,0.0388479700007576,-0.131088247992254,0.219802223244914,0.21282520416009,0.21887314098459,0.215399167371092,0.0473060670112103,0.21282520416009,0.218780935767483,0.219714095729346,0.19916362229758,0.0738278442766379,0.0738278442766379,0.073515604089215,0.0738278442766379,0.0391410968829853,-0.0350102288971524,0.142644365376134,0.141857411556167,0.142644365376134,0.0984393150234379,0.113253001545405,0.130434518896514,0.113253001545405,0.0980434290167028,0.111110252335198,0.0936577988540481,-0.0591301012084686,-0.0997858308787447,0.0194900015280053,0.0194900015280053,-0.000257160080249828,0.0213733937336605,0.0194900015280053,0.0194900015280053,0.00022685421887102,-0.034484865182443,0.0741459314452422,0.0662683774523874,0.0213733937336605,0.0662683774523874,0.0615940231259551,-0.0264390479378226,0.0213733937336605,0.0662683774523874,0.0741459314452422,0.0741459314452422,0.0741459314452422,0.0741459314452422,-0.130895714316221,0.0741459314452422,0.0213733937336605,0.0741459314452422,0.0645788439497878,0.0741459314452422,0.0213733937336605,0.0213733937336605,0.0165377464035255,0.0155880677010995,-0.0346680965452182
rs10499125,0.196757539128679,0.992458553185788,0.996528751599916,0.887260744634867,0.920249521499058,0.88311388820284,-0.430661214343366,-0.429935203211307,0.920249521499058,0.146177869638795,0.146177869638795,-0.285388609080205,-0.193173628086792,0.660155603741262,-0.194943220403613,0.656239091326216,-0.0985515720059729,0.0871852768331684,0.00188460706261921,-0.0337981491263425,0.00157058980923308,0.0365989505864586,-0.0598630837593112,-0.126406121801383,0.0265761966477144,0.142020985568482,0.126601941178817,-0.15377216676753,-0.0967246926440275,-0.0967246926440275,0.0241987580132064,-0.300818709958818,0.2979772214972,-0.0135845177482343,0.0256543304232813,0.0292944825185509,0.20839058188214,0.203075512266503,0.210116994674593,0.053676723288009,0.0364938395767094,-0.133820788539172,0.219422788930834,0.21384292231794,0.218535692381521,0.214981742535404,0.0450073997540631,0.21384292231794,0.218403264454285,0.219294532691432,0.199817569714672,0.0718385956167372,0.0718385956167372,0.0715808933101282,0.0718385956167372,0.0367775918239453,-0.0363674843335255,0.142776360935931,0.142033533672972,0.142776360935931,0.0982719105372606,0.11176047725583,0.132702223566097,0.11176047725583,0.0978981941030154,0.109469440504553,0.0934501839234567,-0.054113756115029,-0.0884546965764885,0.0182672590538256,0.0182672590538256,0.00303283852461469,0.0200964178662793,0.0182672590538256,0.0182672590538256,0.0034809272061409,-0.0307853399407234,0.0728551090402661,0.0638568964248249,0.0200964178662793,0.0638568964248249,0.0596184379622464,-0.0102344962228358,0.0200964178662793,0.0638568964248249,0.0728551090402661,0.0728551090402661,0.0728551090402661,0.0728551090402661,-0.134022833652661,0.0728551090402661,0.0200964178662793,0.0728551090402661,0.0625551374788193,0.0728551090402661,0.0200964178662793,0.0200964178662793,0.020949816492158,0.0200906509476403,-0.0273135925752521
rs7349870,-0.130645068558043,0.887313988306081,0.887260744634867,0.987257662609196,0.943208891201289,0.984006363527848,-0.405671650482156,-0.404346601130522,0.943208891201289,-0.0734108422643072,-0.0734108422643072,-0.282813410409786,-0.219110520541792,0.755595369784626,-0.22220947006909,0.747826842914149,-0.135661752040467,0.0363109576715162,-0.0101079493390785,-0.0725664065833852,-0.0109000172563581,0.0815744906562264,-0.135484097345133,-0.0916894246599077,0.0702757401784032,0.169136119477859,0.145223824288448,-0.198276212048493,-0.121767928496662,-0.121767928496662,-0.00313148682990087,-0.307768026651118,0.323910163351687,-0.00972298178185434,0.056561859700962,0.0609841116907485,0.170607501407348,0.183878370770066,0.175009013852303,0.0295219447408344,-0.0415785413465109,-0.115772757423142,0.14982876611184,0.189440484931129,0.153011167321894,0.145711946140201,-0.034167467821144,0.189440484931129,0.149132602804983,0.150992357983552,0.161856990831579,0.00602085981445378,0.00602085981445378,0.0128606565632059,0.00602085981445378,-0.0418046990550334,-0.121380013776035,0.121162854964507,0.13002774073773,0.121162854964507,0.0999614692647883,0.0625062885718136,0.0901342086564701,0.0625062885718136,0.0990303502034958,0.0629011978595904,0.0955252468413037,-0.0556644081067782,-0.0955430175942188,0.0327160522972499,0.0327160522972499,-0.034781351388898,-0.0206286834399504,0.0327160522972499,0.0327160522972499,-0.0335252390437774,-0.0873665261369272,0.059225712506115,0.0393041578552396,-0.0206286834399504,0.0393041578552396,0.0542649166306399,-0.0102352467294343,-0.0206286834399504,0.0393041578552396,0.059225712506115,0.059225712506115,0.059225712506115,0.059225712506115,-0.0852615065570232,0.059225712506115,-0.0206286834399504,0.059225712506115,0.0248589002144814,0.059225712506115,-0.0206286834399504,-0.0206286834399504,-0.0227521919884928,-0.0254684946429048,-0.0783071483188388
rs6905496,0.119351084454583,0.920591312962973,0.920249521499058,0.943208891201289,0.991948435600761,0.949257273129069,-0.437297078729755,-0.436222278167393,0.991948435600761,-0.0904703550213737,-0.0904703550213737,-0.311111329429938,-0.255405224767757,0.729572588145963,-0.258190899293685,0.726194000075602,-0.166334923509008,0.065903219848865,-0.00311268104664798,-0.0585198443567253,-0.00369483274247724,0.0528041670078362,-0.117304708262356,-0.113074611405527,0.0461246150159806,0.182823082690298,0.126640172361725,-0.222265795582476,-0.0970831564722072,-0.0970831564722072,-0.0120302471000854,-0.284259660596945,0.344705469197318,-0.0159277627868756,0.0454811667632966,0.0534003885893216,0.213647813707065,0.235155141150508,0.218797182529615,0.0303122430584226,-0.0305454393340361,-0.118176871805301,0.202184452179793,0.2406781218569,0.20574136658456,0.19789861604795,-0.0227119140840158,0.2406781218569,0.201245023787787,0.202697339179807,0.218773541968641,0.00281985545328056,0.00281985545328056,0.0104810397451505,0.00281985545328056,-0.0306876618177303,-0.0959712861606979,0.169765789764399,0.179033544215771,0.169765789764399,0.147327910070511,0.11172137586588,0.14163397515129,0.11172137586588,0.146632190120255,0.111031827624656,0.142694453850689,-0.0401479267822378,-0.0721227466607367,0.0352895255084482,0.0352895255084482,-0.0495454162854803,-0.034411225382872,0.0352895255084482,0.0352895255084482,-0.04858106568925,-0.0915790369313755,0.0558385193313751,0.0381656830613334,-0.034411225382872,0.0381656830613334,0.0603496306649546,-0.0167648034555366,-0.034411225382872,0.0381656830613334,0.0558385193313751,0.0558385193313751,0.0558385193313751,0.0558385193313751,-0.0854741782192722,0.0558385193313751,-0.034411225382872,0.0558385193313751,0.0219014585870864,0.0558385193313751,-0.034411225382872,-0.034411225382872,-0.0305831702986669,-0.0326440953260091,-0.0894785957010801
rs7749215,-0.132378005457972,0.883226098389705,0.88311388820284,0.984006363527848,0.949257273129069,0.990513571282805,-0.410402155527126,-0.409101500408386,0.949257273129069,-0.0752082187211833,-0.0752082187211833,-0.285896390851234,-0.224587543414023,0.763195382709053,-0.227673661111627,0.755404822172877,-0.140612126392828,0.0347949613214328,-0.0137056633983177,-0.0767923863381011,-0.0144693179721832,0.0779195924178941,-0.135161852958877,-0.0953619811126264,0.0663745357759112,0.174502655388792,0.145828797604233,-0.198028570008553,-0.125529924718643,-0.125529924718643,0.000188127081599954,-0.307773114667853,0.328925355844166,-0.0113106372826596,0.0530862937610289,0.0577310686412555,0.176466611859355,0.195312221842172,0.180950265975534,0.0248697624476248,-0.0442018076464238,-0.118158120719306,0.158733833302316,0.200874336003236,0.161954364715455,0.154598049290567,-0.0367622199602654,0.200874336003236,0.157996293554979,0.159818273294802,0.172535262551868,0.00364841056594693,0.00364841056594693,0.0105491688673015,0.00364841056594693,-0.0444558839372623,-0.122680732452709,0.131494634852533,0.140406602724592,0.131494634852533,0.110174864103063,0.0704554061326106,0.0968140320723473,0.0704554061326106,0.109266407441868,0.0707515193405701,0.105716078506658,-0.0502958248520483,-0.0892526058290333,0.0314403280386157,0.0314403280386157,-0.038374246981644,-0.0220896012366371,0.0314403280386157,0.0314403280386157,-0.037143491697939,-0.0907579244972881,0.0576236585582667,0.036578560547643,-0.0220896012366371,0.036578560547643,0.0520413678982204,-0.0128719726735042,-0.0220896012366371,0.036578560547643,0.0576236585582667,0.0576236585582667,0.0576236585582667,0.0576236585582667,-0.0701821042752566,0.0576236585582667,-0.0220896012366371,0.0576236585582667,0.0225040491579723,0.0576236585582667,-0.0220896012366371,-0.0220896012366371,-0.0257957551051202,-0.028459110552253,-0.0804360515802208
rs1535356,-0.0139942125730012,-0.430428370302146,-0.430661214343366,-0.405671650482156,-0.437297078729755,-0.410402155527126,1.00758256661118,1.00395481405078,-0.437297078729755,-0.134734055666024,-0.134734055666024,0.644509224380956,0.640631722254976,-0.342352992462429,0.642899915998249,-0.365026123536506,0.139156479606685,0.165193369778306,0.111757962968451,0.0616119471803285,0.113856055935893,-0.0197216608829183,0.113165718421789,-0.0996160828730912,-0.0357054998437835,-0.0280276276856883,-0.079750342729214,-0.154147096480056,0.142517341267124,0.142517341267124,-0.0465050512774118,0.11716392949197,-0.0437074556744124,0.126896640902144,0.128673107999687,0.159347855966143,0.00454561614996123,-0.0915919773053852,-0.00155078937762161,0.0909725714502088,-0.0362509807949168,0.0994220384977807,-0.123969906353548,-0.105138831663135,-0.119043612884107,-0.126438847415155,-0.0432849465939071,-0.105138831663135,-0.123393893467654,-0.134436696970045,-0.114740432855589,-0.0482619605453459,-0.0482619605453459,-0.0392897929745975,-0.0482619605453459,-0.0363210541049582,-0.0198376348273634,-0.0656634848357702,-0.0605483850299145,-0.0656634848357702,-0.0289585825351968,-0.0474441862542778,-0.0862206338164135,-0.0474441862542778,-0.0263997787757843,-0.0619424720637491,-0.0315190585574513,0.066486048972908,0.0521819084549624,0.0181159011636219,0.0181159011636219,0.00599197391071928,-0.0585048230391042,0.0181159011636219,0.0181159011636219,0.00264851323519428,-0.000149328836875148,0.00669242974764746,-0.00692356249068463,-0.0585048230391042,-0.00692356249068463,0.0235262109101799,0.0699016470921459,-0.0585048230391042,-0.00692356249068463,0.00669242974764746,0.00669242974764746,0.00669242974764746,0.00669242974764746,0.113152719127664,0.00669242974764746,-0.0585048230391042,0.00669242974764746,-0.019552110636225,0.00669242974764746,-0.0585048230391042,-0.0585048230391042,0.0101124906932827,0.0174307253854602,0.00196441224302399
rs1535355,-0.0150068364229778,-0.429677963096957,-0.429935203211307,-0.404346601130522,-0.436222278167393,-0.409101500408386,1.00395481405078,1.00756934851793,-0.436222278167393,-0.13570301029731,-0.13570301029731,0.642148026663561,0.636812851293956,-0.340403488403951,0.639091910227509,-0.363088373179885,0.143088332680701,0.161068000067902,0.112384548145074,0.0618138261816783,0.114492979591689,-0.0130178639396327,0.107446232016418,-0.0928294954822022,-0.0293459002234968,-0.0314228296007511,-0.0792941601732941,-0.150597225873216,0.137204428990593,0.137204428990593,-0.0402834440313808,0.113772978454913,-0.0471506950189041,0.134891990352248,0.126482992132364,0.157268080996989,-0.00051645446296468,-0.0947298576025152,-0.00651420017541951,0.0880875814552805,-0.0377871727651014,0.0979129680753761,-0.127662848067,-0.108266042367469,-0.12270875395809,-0.130145766422933,-0.0447992430891374,-0.108266042367469,-0.127069676323152,-0.138135494209652,-0.117930084369802,-0.0496358774057774,-0.0496358774057774,-0.040635812178565,-0.0496358774057774,-0.0378637249072841,-0.0205985376329411,-0.0691007634978996,-0.0639591448508829,-0.0691007634978996,-0.0325220186197954,-0.0516146160931553,-0.0908858350445027,-0.0516146160931553,-0.0299495811926886,-0.0662061728780945,-0.0350961743521477,0.0629900180443182,0.0489898513716019,0.0172904053188889,0.0172904053188889,0.00378459965771945,-0.0593081825230677,0.0172904053188889,0.0172904053188889,0.000429271760104424,-0.00224878329297024,0.00571354562044699,-0.00857890036052674,-0.0593081825230677,-0.00857890036052674,0.022131110456808,0.0682610561152434,-0.0593081825230677,-0.00857890036052674,0.00571354562044699,0.00571354562044699,0.00571354562044699,0.00571354562044699,0.111384391872111,0.00571354562044699,-0.0593081825230677,0.00571354562044699,-0.0209500610927687,0.00571354562044699,-0.0593081825230677,-0.0593081825230677,0.0082285416838638,0.015571133177651,0.000639614671994569
rs4897288,0.119351084454583,0.920591312962973,0.920249521499058,0.943208891201289,0.991948435600761,0.949257273129069,-0.437297078729755,-0.436222278167393,0.991948435600761,-0.0904703550213737,-0.0904703550213737,-0.311111329429938,-0.255405224767757,0.729572588145963,-0.258190899293685,0.726194000075602,-0.166334923509008,0.065903219848865,-0.00311268104664798,-0.0585198443567253,-0.00369483274247724,0.0528041670078362,-0.117304708262356,-0.113074611405527,0.0461246150159806,0.182823082690298,0.126640172361725,-0.222265795582476,-0.0970831564722072,-0.0970831564722072,-0.0120302471000854,-0.284259660596945,0.344705469197318,-0.0159277627868756,0.0454811667632966,0.0534003885893216,0.213647813707065,0.235155141150508,0.218797182529615,0.0303122430584226,-0.0305454393340361,-0.118176871805301,0.202184452179793,0.2406781218569,0.20574136658456,0.19789861604795,-0.0227119140840158,0.2406781218569,0.201245023787787,0.202697339179807,0.218773541968641,0.00281985545328056,0.00281985545328056,0.0104810397451505,0.00281985545328056,-0.0306876618177303,-0.0959712861606979,0.169765789764399,0.179033544215771,0.169765789764399,0.147327910070511,0.11172137586588,0.14163397515129,0.11172137586588,0.146632190120255,0.111031827624656,0.142694453850689,-0.0401479267822378,-0.0721227466607367,0.0352895255084482,0.0352895255084482,-0.0495454162854803,-0.034411225382872,0.0352895255084482,0.0352895255084482,-0.04858106568925,-0.0915790369313755,0.0558385193313751,0.0381656830613334,-0.034411225382872,0.0381656830613334,0.0603496306649546,-0.0167648034555366,-0.034411225382872,0.0381656830613334,0.0558385193313751,0.0558385193313751,0.0558385193313751,0.0558385193313751,-0.0854741782192722,0.0558385193313751,-0.034411225382872,0.0558385193313751,0.0219014585870864,0.0558385193313751,-0.034411225382872,-0.034411225382872,-0.0305831702986669,-0.0326440953260091,-0.0894785957010801
rs7738709,-0.0671511958655563,0.147375188676036,0.146177869638795,-0.0734108422643072,-0.0904703550213737,-0.0752082187211833,-0.134734055666024,-0.13570301029731,-0.0904703550213737,1.03492423106914,1.03492423106914,-0.0754161186786966,0.217848129845909,-0.124152293874475,0.221107976757764,-0.112280306505406,0.116147255330279,0.0537025024576282,0.0332101712761341,0.0703833247260957,0.0340208504386252,-0.1006255749686,0.025591347040227,-0.000400203449638397,0.0703736587400154,-0.0832282021724604,0.107588689183681,0.208878546482442,-0.136929154184909,-0.136929154184909,0.0704930105313962,-0.0926193320499031,-0.0901753818237447,0.0343330543017525,-0.0696427086005305,-0.0806568974922743,-0.0216892739428676,-0.0516547963903997,-0.0306939066394932,0.0173660489216631,0.131178590175012,-0.064824412084481,0.0532633572191421,-0.0358657408544419,0.0407117913089746,0.0523815691544607,0.133581517174981,-0.0358657408544419,0.0530158747372512,0.0512595169339407,-0.0470786267056458,0.19244778543893,0.19244778543893,0.170054807193135,0.19244778543893,0.131979572861776,0.00238694922998802,-0.030220489926098,-0.043482917278645,-0.030220489926098,-0.0666217461584832,0.021026260282221,-0.00785799300924683,0.021026260282221,-0.0656366881919417,0.0157355051601207,-0.067608052111431,-0.0367970644742922,-0.0428021926566615,-0.0526624003651143,-0.0526624003651143,0.0754898677439784,0.150999773971026,-0.0526624003651143,-0.0526624003651143,0.0740649272490293,0.0941699854358514,0.0472108870949376,0.0665686954777316,0.150999773971026,0.0665686954777316,-0.00709367891105859,-0.0209546515257447,0.150999773971026,0.0665686954777316,0.0472108870949376,0.0472108870949376,0.0472108870949376,0.0472108870949376,-0.0845579859452276,0.0472108870949376,0.150999773971026,0.0472108870949376,0.110774617378596,0.0472108870949376,0.150999773971026,0.150999773971026,0.0283510092772581,0.0312803189561804,0.0262133644332085
rs6569351,-0.0671511958655563,0.147375188676036,0.146177869638795,-0.0734108422643072,-0.0904703550213737,-0.0752082187211833,-0.134734055666024,-0.13570301029731,-0.0904703550213737,1.03492423106914,1.03492423106914,-0.0754161186786966,0.217848129845909,-0.124152293874475,0.221107976757764,-0.112280306505406,0.116147255330279,0.0537025024576282,0.0332101712761341,0.0703833247260957,0.0340208504386252,-0.1006255749686,0.025591347040227,-0.000400203449638397,0.0703736587400154,-0.0832282021724604,0.107588689183681,0.208878546482442,-0.136929154184909,-0.136929154184909,0.0704930105313962,-0.0926193320499031,-0.0901753818237447,0.0343330543017525,-0.0696427086005305,-0.0806568974922743,-0.0216892739428676,-0.0516547963903997,-0.0306939066394932,0.0173660489216631,0.131178590175012,-0.064824412084481,0.0532633572191421,-0.0358657408544419,0.0407117913089746,0.0523815691544607,0.133581517174981,-0.0358657408544419,0.0530158747372512,0.0512595169339407,-0.0470786267056458,0.19244778543893,0.19244778543893,0.170054807193135,0.19244778543893,0.131979572861776,0.00238694922998802,-0.030220489926098,-0.043482917278645,-0.030220489926098,-0.0666217461584832,0.021026260282221,-0.00785799300924683,0.021026260282221,-0.0656366881919417,0.0157355051601207,-0.067608052111431,-0.0367970644742922,-0.0428021926566615,-0.0526624003651143,-0.0526624003651143,0.0754898677439784,0.150999773971026,-0.0526624003651143,-0.0526624003651143,0.0740649272490293,0.0941699854358514,0.0472108870949376,0.0665686954777316,0.150999773971026,0.0665686954777316,-0.00709367891105859,-0.0209546515257447,0.150999773971026,0.0665686954777316,0.0472108870949376,0.0472108870949376,0.0472108870949376,0.0472108870949376,-0.0845579859452276,0.0472108870949376,0.150999773971026,0.0472108870949376,0.110774617378596,0.0472108870949376,0.150999773971026,0.150999773971026,0.0283510092772581,0.0312803189561804,0.0262133644332085
rs6569352,0.0314364015999899,-0.289252571355423,-0.285388609080205,-0.282813410409786,-0.311111329429938,-0.285896390851234,0.644509224380956,0.642148026663561,-0.311111329429938,-0.0754161186786966,-0.0754161186786966,1.00347381643101,0.429194096191611,-0.266612991080234,0.435102354279347,-0.261849527812116,0.0348761836478034,0.298412101154733,0.254853159019056,0.223605690852575,0.255931961281363,-0.0286295565315684,0.24921033592605,-0.070435991857901,-0.0265956912847276,-0.212511231992519,-0.226604558847008,-0.100218739724719,0.23930442264024,0.23930442264024,-0.0109291485029661,0.244346861312171,-0.187776742169207,0.221377812664665,-0.0407252090008082,-0.0419595311857006,-0.194785977951052,-0.131499888383243,-0.186333805272879,-0.11214349705746,-0.0861039464448871,0.0731083648208258,-0.185077357194586,-0.140672500754709,-0.181745229654487,-0.186748837468645,-0.0989015483443892,-0.140672500754709,-0.184217415086323,-0.195841408622529,-0.156988094344519,-0.0932012002413896,-0.0932012002413896,-0.0882466154685233,-0.0932012002413896,-0.0865239625694282,-0.0257622803614222,-0.153984941077345,-0.150602524133217,-0.153984941077345,-0.137796782074218,-0.17067077379357,-0.198346865413766,-0.17067077379357,-0.136092449485795,-0.180899986151906,-0.139503519294072,-0.0321608969784207,-0.0324537086313949,-0.0109378334997807,-0.0109378334997807,-0.00433058839598949,-0.0362135107610099,-0.0109378334997807,-0.0109378334997807,-0.00649959143464618,-0.015912886752944,-0.00224136570391579,-0.0269842032584672,-0.0362135107610099,-0.0269842032584672,-0.0104331828375598,0.0136725939524292,-0.0362135107610099,-0.0269842032584672,-0.00224136570391579,-0.00224136570391579,-0.00224136570391579,-0.00224136570391579,-0.012448235762815,-0.00224136570391579,-0.0362135107610099,-0.00224136570391579,-0.024388967573302,-0.00224136570391579,-0.0362135107610099,-0.0362135107610099,0.00200344878725978,0.0067608139890009,0.0149095344588292
rs1998262,-0.157032911535918,-0.192522013640471,-0.193173628086792,-0.219110520541792,-0.255405224767757,-0.224587543414023,0.640631722254976,0.636812851293956,-0.255405224767757,0.217848129845909,0.217848129845909,0.429194096191611,0.986808583961843,-0.45226073384232,0.986314410666845,-0.420055764730584,0.159483903304418,0.0636230693989962,0.0210047571663875,-0.0267074187873951,0.0236353208607317,-0.0473914927528739,0.111780446810569,-0.0811560682272975,-0.0461040860857754,-0.0321499253334825,0.0349348932329596,0.0134136669077313,0.0182238112785961,0.0182238112785961,-0.0455515964494935,0.0497535686091098,-0.052270278317952,0.0878187704838109,0.106510283809265,0.117070653302425,0.0182116546329555,-0.0482611270362695,0.00491105383803992,0.0541370950537313,-0.060350915460979,0.0630907171812219,-0.0799111284897841,-0.0544678844885418,-0.0854729928434939,-0.0827628145104988,-0.0658435231486227,-0.0544678844885418,-0.0795398299941222,-0.0908325567168196,-0.0911003885326573,-0.00478043895022427,-0.00478043895022427,-0.0162594308717397,-0.00478043895022427,-0.0606377353255223,-0.0728250286511877,-0.0193013342603905,-0.0252928183659743,-0.0193013342603905,-0.00735811586448313,-0.0312074616482548,-0.0408490489147446,-0.0312074616482548,-0.00437271031086787,-0.0424599218405947,-0.0103451846210383,0.0602673267689416,0.0656787091536761,0.000179036820313099,0.000179036820313099,-0.0108328220097989,-0.00955808706896947,0.000179036820313099,0.000179036820313099,-0.00688733772471881,0.00901784352040989,0.00771294606185605,0.0204061732443145,-0.00955808706896947,0.0204061732443145,0.0275601986385037,0.0171018111311283,-0.00955808706896947,0.0204061732443145,0.00771294606185605,0.00771294606185605,0.00771294606185605,0.00771294606185605,0.100707062928914,0.00771294606185605,-0.00955808706896947,0.00771294606185605,0.0235856775982869,0.00771294606185605,-0.00955808706896947,-0.00955808706896946,-0.0288867247842542,-0.0290972612030266,-0.054772260839915
rs2317707,-0.115913518471065,0.655202298100535,0.660155603741262,0.755595369784626,0.729572588145963,0.763195382709053,-0.342352992462429,-0.340403488403951,0.729572588145963,-0.124152293874475,-0.124152293874475,-0.266612991080234,-0.45226073384232,0.9941402953896,-0.45793169151294,0.93491968430786,-0.141474823192858,0.0121237453977679,-0.0492848322509221,-0.0966372297016894,-0.0505557765362623,0.12062316326863,-0.222028287683816,-0.0995857775022878,0.0955740374353448,0.254609268939614,0.189592958772914,-0.235995942180051,-0.168594112420072,-0.168594112420072,-0.00669744893682837,-0.381674876429597,0.40088273045474,-0.040130708228576,0.0182122097716702,0.0346134272495735,0.177381573096327,0.144268551250286,0.188280352592373,0.0817065188251498,0.0150010269039358,-0.105220901896475,0.145622564405674,0.155272062006959,0.152601614850772,0.147125328516073,0.0215926195372833,0.155272062006959,0.144945944764329,0.157889588744003,0.142495947012057,0.0449383159721708,0.0449383159721708,0.0600163446194232,0.0449383159721708,0.0150988523903817,-0.124834223218546,0.105543529049723,0.123681704561864,0.105543529049723,0.109482038607897,0.0989217430231343,0.127952019584573,0.0989217430231343,0.107941429702196,0.0980156594807167,0.105713995246058,-0.0433601854275985,-0.105859743119414,0.0338011192537398,0.0338011192537398,0.042861947260184,0.0332149254421427,0.0338011192537398,0.0338011192537398,0.0378150978923813,-0.0289954113374509,0.0732141867081686,0.0641418923723821,0.0332149254421427,0.0641418923723821,0.052947440455386,-0.00190438037399269,0.0332149254421427,0.0641418923723821,0.0732141867081686,0.0732141867081686,0.0732141867081686,0.0732141867081686,-0.102904652894717,0.0732141867081686,0.0332149254421427,0.0732141867081686,0.0530156218602716,0.0732141867081686,0.0332149254421427,0.051234596345375,0.025032370930761,0.0208887694535684,-0.02287163773016
rs4895849,-0.155983892202788,-0.194335604662857,-0.194943220403613,-0.22220947006909,-0.258190899293685,-0.227673661111627,0.642899915998249,0.639091910227509,-0.258190899293685,0.221107976757764,0.221107976757764,0.435102354279347,0.986314410666845,-0.45793169151294,0.998073110646192,-0.425516074358439,0.159463726947459,0.0600339011481909,0.0143883733154943,-0.032706599007351,0.017019445093778,-0.0435600746150865,0.112056455029594,-0.0857562490672396,-0.0419889032426421,-0.0322175750674092,0.0398668674437246,0.0132122652878701,0.0172092487135013,0.0172092487135013,-0.0417711676698429,0.0500430980012556,-0.0521826608007549,0.0845134831261405,0.111018376520742,0.121389258088206,0.0117400707027469,-0.0551260752563567,-0.00172858807617216,0.053035154936265,-0.0577511883855475,0.0547317532156,-0.0846958577429413,-0.06136823916386,-0.0903382491236678,-0.0875394363231672,-0.0633071290939286,-0.06136823916386,-0.0843023275155127,-0.09561092241416,-0.0975992625952506,-0.00214519312741035,-0.00214519312741035,-0.0137580819652854,-0.00214519312741035,-0.0580083123773149,-0.0717807085684109,-0.0249933655785222,-0.0310738752196169,-0.0249933655785222,-0.012838498331598,-0.0347324730827538,-0.0485786018166432,-0.0347324730827538,-0.00986305919113833,-0.0459084223736582,-0.0158156550824619,0.0607896613730463,0.0654448343493019,0.00161175833001712,0.00161175833001712,-0.00686243826667531,-0.00797307483933191,0.00161175833001712,0.00161175833001712,-0.00286598962905577,0.0128753321946147,0.00955487302876902,0.0235814216967649,-0.00797307483933191,0.0235814216967649,0.0302128258863517,0.00924856375621774,-0.00797307483933191,0.0235814216967649,0.00955487302876902,0.00955487302876902,0.00955487302876902,0.00955487302876902,0.104429560855984,0.00955487302876902,-0.00797307483933191,0.00955487302876902,0.0263629881383502,0.00955487302876902,-0.00797307483933191,-0.00797307483933192,-0.025635825950684,-0.0259069841519,-0.0526955164676989
rs2145735,-0.103057475258224,0.651346317275313,0.656239091326216,0.747826842914149,0.726194000075602,0.755404822172877,-0.365026123536506,-0.363088373179885,0.726194000075602,-0.112280306505406,-0.112280306505406,-0.261849527812116,-0.420055764730584,0.93491968430786,-0.425516074358439,0.990803661776694,-0.180811868652022,0.0355791031961133,-0.033810562133095,-0.0773561748641921,-0.0350826771790554,0.0304723271690815,-0.207573695051659,-0.103221026338787,0.0212875222118015,0.297997585285332,0.166327920102973,-0.251918197031586,-0.144077601692279,-0.144077601692279,0.0104251072208323,-0.371114625867403,0.459064003389053,-0.076120600985066,-0.0242516040909773,-0.00983219809453991,0.155133408411511,0.16119213614197,0.161662247699606,0.0303005156196538,-0.0148437105480457,-0.0976425335162839,0.149482750284021,0.172200112806369,0.151522101374157,0.150962533181504,-0.00837199676303462,0.172200112806369,0.148788194702631,0.161690102082329,0.163745153089877,0.0127047881714839,0.0127047881714839,0.0173335113858373,0.0127047881714839,-0.0149614711559719,-0.0890960235171382,0.12639923675611,0.139292049912315,0.12639923675611,0.124955265474005,0.101843564199071,0.120244775843117,0.101843564199071,0.123437296143133,0.100800280820635,0.121162583670518,-0.0326481476626158,-0.128171814338798,0.0326665056816474,0.0326665056816474,0.060219116466454,0.0316545948435201,0.0326665056816474,0.0326665056816474,0.0550975124353841,-0.00296630837248897,0.0587781922374059,0.070195277894735,0.0316545948435201,0.070195277894735,0.0604441541079204,0.0050446714757429,0.0316545948435201,0.070195277894735,0.0587781922374059,0.0587781922374059,0.0587781922374059,0.0587781922374059,-0.105811342771154,0.0587781922374059,0.0316545948435201,0.0587781922374059,0.060766892904116,0.0587781922374059,0.0316545948435201,0.0496815792478044,0.0446186212176661,0.0406733158786361,-0.00530768083105048
rs1407220,0.00635110457350438,-0.0934684880644957,-0.0985515720059729,-0.135661752040467,-0.166334923509008,-0.140612126392828,0.139156479606685,0.143088332680701,-0.166334923509008,0.116147255330279,0.116147255330279,0.0348761836478034,0.159483903304418,-0.141474823192858,0.159463726947459,-0.180811868652022,1.01825246076188,-0.260495839366695,-0.107680426627249,-0.147691288451821,-0.11075566822456,0.489528551097946,-0.298951571468957,0.218197580357324,0.467174689578871,-0.179822377824001,0.218328702059054,0.17183076487658,-0.369656901482055,-0.369656901482055,0.20858390924829,-0.304388533452063,-0.162371847840266,0.164547677817742,0.0568758561076001,0.0570054992078271,-0.0636773177526109,-0.16151095346744,-0.0626249959909942,0.095844011511041,0.103675215131364,-0.0325031599407463,-0.0918932247806448,-0.16151095346744,-0.0867363620895428,-0.0944771613711008,0.10887795964182,-0.16151095346744,-0.0914662527585074,-0.102546369386511,-0.171363791609011,0.121888911649101,0.121888911649101,0.133916816468853,0.121888911649101,0.115180044517401,-0.0306527054546673,-0.15231239341324,-0.146887304511287,-0.15231239341324,-0.149820359387617,-0.0722009856926368,-0.0784523357054252,-0.0722009856926368,-0.147089403497609,-0.0817273269226555,-0.152554395253017,-0.0249544310523536,-0.0564591487239676,-0.0128998978584701,-0.0128998978584701,0.0650325487484999,0.0810239809807175,-0.0128998978584701,-0.0128998978584701,0.0613789541510682,0.0133046487714553,0.145821025722191,0.104247384072635,0.0810239809807175,0.104247384072635,0.0716557147964916,0.0215400085957385,0.0810239809807175,0.104247384072635,0.145821025722191,0.145821025722191,0.145821025722191,0.145821025722191,-0.0733056087077554,0.145821025722191,0.0810239809807175,0.145821025722191,0.129268274071487,0.145821025722191,0.0810239809807175,0.0810239809807175,0.0274728106552049,0.0352999579165549,-0.0404202705632828
rs11757798,0.148477660620627,0.0834987883277037,0.0871852768331684,0.0363109576715162,0.065903219848865,0.0347949613214328,0.165193369778306,0.161068000067902,0.065903219848865,0.0537025024576282,0.0537025024576282,0.298412101154733,0.0636230693989962,0.0121237453977679,0.0600339011481909,0.0355791031961133,-0.260495839366695,1.00328666210449,0.80054099992184,0.727978005587023,0.802460803070441,-0.317042177544767,0.658841059936883,-0.201737723892889,-0.254740506643728,-0.408178163423376,-0.640243255103513,-0.34340620792414,0.706230759538449,0.706230759538449,-0.082231831468572,0.276221633924643,-0.184291617195525,0.2786998114206,-0.0206399619310297,-0.0546009987765014,-0.0995989692232985,-0.0371880048485913,-0.0880633731009945,-0.0672149021317688,-0.0131660051547477,0.143780328211538,-0.0599704440387447,-0.0486270787395845,-0.0531476952340862,-0.0581946927293707,-0.0165344589564906,-0.0486270787395845,-0.0596917977966436,-0.0509826587498444,-0.0108521518252086,-0.0849872235129347,-0.0849872235129347,-0.072590595322917,-0.0849872235129347,-0.0132654389211231,0.0815143826605628,-0.0556468923613241,-0.053956376701339,-0.0556468923613241,-0.0828205360672543,-0.0886795245697489,-0.122245202524779,-0.0886795245697489,-0.079202555233129,-0.0938300278264399,-0.0809204584847768,-0.0147219800860075,-0.0295533771934731,0.0211649355886728,0.0211649355886728,-0.0260730851328782,-0.0577020129253386,0.0211649355886728,0.0211649355886728,-0.0307124041425838,-0.0109498298850836,-0.007897194862969,-0.0208327389747859,-0.0577020129253386,-0.0208327389747859,0.00778211130399595,-0.0344064625984326,-0.0577020129253386,-0.0208327389747859,-0.007897194862969,-0.007897194862969,-0.007897194862969,-0.007897194862969,0.00636436241130802,-0.007897194862969,-0.0577020129253386,-0.007897194862969,-0.0376434450652904,-0.007897194862969,-0.0577020129253386,-0.0577020129253386,-0.0153931164733421,-0.0131078012037736,-0.0026914559271049
rs9385304,0.0738048317111564,-0.00388480153391209,0.00188460706261921,-0.0101079493390785,-0.00311268104664798,-0.0137056633983177,0.111757962968451,0.112384548145074,-0.00311268104664798,0.0332101712761341,0.0332101712761341,0.254853159019056,0.0210047571663875,-0.0492848322509221,0.0143883733154943,-0.033810562133095,-0.107680426627249,0.80054099992184,1.00353899607107,0.913415417182068,1.00134475220896,-0.376075361314156,0.399209030754471,0.378836320271934,-0.323673683031414,-0.489293257614851,-0.782391046184404,0.0488619404588112,0.54777785295774,0.54777785295774,0.266472340898316,0.20698504130044,-0.295140351735977,0.184529207061555,-0.0247457378255077,-0.0534697266608215,-0.146134958363753,-0.100284113560294,-0.129616383933914,-0.0570766350004747,-0.0483170476603957,0.092160411413275,-0.131908620982084,-0.105733975931861,-0.123096346384255,-0.126426542030479,-0.04969378919816,-0.105733975931861,-0.136218667393873,-0.125304828205082,-0.0828572368529132,-0.105669258190689,-0.105669258190689,-0.0897136496626051,-0.105669258190689,-0.0486432061264492,0.0338369354199714,-0.121259901308459,-0.117255496220473,-0.121259901308459,-0.107035048207068,-0.133256195339516,-0.120448120897876,-0.133256195339516,-0.107650547107341,-0.140162774052745,-0.111680959836707,-0.00725029788483789,-0.0262425148731464,0.0824283065603113,0.0824283065603113,-0.0143619270187771,-0.0521226161048111,0.0824283065603113,0.0824283065603113,-0.0203553037265079,0.0186416094809272,-0.00866058537418949,0.00315827881858656,-0.0521226161048111,0.00315827881858656,0.0312300878579668,-0.0357435141671776,-0.0521226161048111,0.00315827881858656,-0.00866058537418949,-0.00866058537418949,-0.00866058537418949,-0.00866058537418949,-0.014469267094114,-0.00866058537418949,-0.0521226161048111,-0.00866058537418949,-0.048708510377395,-0.00866058537418949,-0.0521226161048111,-0.0521226161048111,-0.0151246060231037,-0.024524134213298,-0.0395780850873601
rs9375267,0.0874819554235083,-0.0386286348445192,-0.0337981491263425,-0.0725664065833852,-0.0585198443567253,-0.0767923863381011,0.0616119471803285,0.0618138261816783,-0.0585198443567253,0.0703833247260957,0.0703833247260957,0.223605690852575,-0.0267074187873951,-0.0966372297016894,-0.032706599007351,-0.0773561748641921,-0.147691288451821,0.727978005587023,0.913415417182068,0.987087850613896,0.916355059307186,-0.421816299869192,0.323896373076311,0.354618027487818,-0.36759252347739,-0.351217717125578,-0.70309539574504,0.193686865184232,0.476632125610842,0.476632125610842,0.242461945440818,0.172052439043483,-0.331936064774364,0.231804931940709,-0.0657763547561768,-0.0895147158036555,-0.1478138579819,-0.0775886025606938,-0.129719260879048,-0.0865486872332987,-0.0548569725167713,0.129991927848961,-0.105337545518216,-0.0775886025606938,-0.10079331186325,-0.100318912155574,-0.0555544949736245,-0.0775886025606938,-0.109686839247254,-0.0996960050333727,-0.0613211788029557,-0.0940147016495226,-0.0940147016495226,-0.0864524474876054,-0.0940147016495226,-0.0553189870406363,0.0482576368157268,-0.0944642187530498,-0.100040970356626,-0.0944642187530498,-0.0879335761391668,-0.110612596557946,-0.097205120434912,-0.110612596557946,-0.0881361644565781,-0.105137058191585,-0.0877318381683957,0.0170661453079497,-0.000127074197548129,0.0752483276347095,0.0752483276347095,0.00124632574093951,-0.0396238274289579,0.0752483276347095,0.0752483276347095,-0.00520855402716083,0.0407593404907569,-0.0221970185417687,0.000867767567992615,-0.0396238274289579,0.000867767567992615,0.0220529305491025,-0.0219203566090414,-0.0396238274289579,0.000867767567992615,-0.0221970185417687,-0.0221970185417687,-0.0221970185417687,-0.0221970185417687,-0.025394752905751,-0.0221970185417687,-0.0396238274289579,-0.0221970185417687,-0.0468063845787971,-0.0221970185417687,-0.0396238274289579,-0.057168196664273,0.000755341140960133,-0.00722871637945765,-0.00734041437159489
